gmx <- list(lon = c(-95, -82.5), lat = c(20, 30))
