gmx <- list(lon = c(-95, -82.5), lat = c(22.5, 27.5))